41
42
63
293
300
307
310
319
355
362
364
367
368
372
373
384
391
393
398
415
416
419
421
423
438
442
445
449
451
456
467
471
477
488
497
502
511
517
518
522
530
533
536
541
542
575
595
597
601
753
780
789
870
882
895
898
952
957
982
987
989
1006
1023
1026
1027
1032
1033
1036
1042
1048
1053
1067
1070
1078
1086
1112
1121
1124
1125
1134
1207
1636
1723
1753
1755
1756
1761
1777
1796
1848
1851
1864
1872
1910
7308
7313
7318
