8026,9492
8039,9147
8040,9146
8041,9145
8052,9139
8058,9138
8059,9137
8064,9142
8111,9133
8123,9132
8140,9131
8148,9129
8152,9310
8153,9347
8154,9360
8155,9366
8156,9333
8157,9345
8158,9364
8159,9371
8160,9346
8161,9313
8162,9354
8163,9326
8164,9365
8165,9341
8166,9314
8167,9368
8168,9315
8169,9316
8170,9351
8171,9349
8172,9370
8173,9362
8174,9353
8175,9367
8176,9363
8177,9339
8178,9338
8179,9348
8180,9318
8181,9320
8182,9325
8183,9350
8184,9340
8185,9352
8186,9328
8187,9329
8188,9332
8189,9356
8190,9361
8191,9357
8192,9319
8193,9369
8194,9324
8195,9355
8196,9321
8197,9322
8198,9344
8199,9358
8200,9330
9098,9204
9099,9203
9100,9207
9101,9209
9102,9200
9103,9201
9104,9198
9105,9199
9106,9202
9107,9197
9108,9196
9109,9191
9110,9212
9111,9219
9112,9218
9113,9214
9114,9220
9115,9215
9156,18123
9157,18124
9158,18138
9159,18139
9160,18140
9161,18141
9162,18125
9163,18127
9164,18128
9169,18129
9170,18130
9172,18133
9173,18135
9177,18136
9179,18131
9181,18132
9184,18134
9188,18137
9189,18143
9190,18142
